0	10
1	0
2	19
3	4
4	25
5	33
6	30
7	7
8	27
9	1
10	13
11	20
12	10
13	22
14	27
15	11
16	23
17	2
18	27
19	20
20	18
21	23
22	4
23	1
24	27
25	23
26	11
27	33
28	24
29	14
30	23
31	13
32	7
33	8
34	0
35	13
36	0
37	0
38	0
39	5
40	18
41	20
42	18
43	4
44	19
45	4
46	33
47	15
48	26
49	20
50	11
51	30
52	18
53	4
54	5
55	14
56	20
57	19
58	10
59	9
60	1
61	21
62	32
63	23
64	7
65	0
66	11
67	15
68	14
69	9
70	10
71	0
72	5
73	9
74	10
75	4
76	0
77	30
78	0
79	7
80	9
81	21
82	0
83	10
84	6
85	20
86	18
87	18
88	1
89	5
90	31
91	9
92	7
93	3
94	7
95	24
96	4
97	30
98	4
99	12
100	14
101	8
102	11
103	23
104	18
105	1
106	10
107	7
108	10
109	18
110	0
111	10
112	30
113	24
114	31
115	25
116	14
117	10
118	4
119	10
120	24
121	4
122	19
123	11
124	20
125	1
126	16
127	29
128	0
129	4
130	10
131	0
132	12
133	10
134	7
135	0
136	17
137	0
138	0
139	4
140	36
141	21
142	8
143	9
144	10
145	27
146	4
147	29
148	4
149	0
150	9
151	31
152	4
153	13
154	11
155	1
156	1
157	5
158	17
159	9
160	18
161	15
162	8
163	35
164	21
165	1
166	35
167	11
168	17
169	1
170	31
171	8
172	0
173	16
174	0
175	9
176	4
177	11
178	11
179	30
180	0
181	4
182	20
183	1
184	31
185	5
186	31
187	8
188	4
189	33
190	4
191	0
192	7
193	12
194	30
195	18
196	9
197	8
198	4
199	31
200	4
201	10
202	23
203	22
204	1
205	9
206	1
207	10
208	6
209	24
210	1
211	26
212	8
213	27
214	4
215	2
216	35
217	0
218	18
219	24
220	5
221	31
222	6
223	32
224	0
225	0
226	7
227	4
228	22
229	17
230	0
231	0
232	31
233	17
234	5
235	23
236	27
237	10
238	17
239	4
240	31
241	0
242	2
243	10
244	11
245	18
246	0
247	0
248	32
249	26
250	8
251	2
252	11
253	1
254	23
255	6
256	20
257	4
258	0
259	15
260	15
261	1
262	14
263	5
264	18
265	8
266	1
267	30
268	0
269	5
270	10
271	10
272	27
273	0
274	5
275	13
276	10
277	23
278	20
279	32
280	4
281	9
282	7
283	20
284	15
285	1
286	1
287	4
288	6
289	10
290	23
291	7
292	16
293	1
294	36
295	2
296	27
297	1
298	0
299	24
300	11
301	4
302	9
303	4
304	14
305	2
306	1
307	0
308	29
309	4
310	16
311	30
312	27
313	4
314	29
315	4
316	30
317	18
318	10
319	4
320	29
321	13
322	18
323	20
324	15
325	0
326	23
327	10
328	10
329	10
330	16
331	16
332	4
333	23
334	1
335	2
336	10
337	25
338	14
339	9
340	31
341	0
342	0
343	12
344	23
345	10
346	5
347	1
348	11
349	1
350	1
351	0
352	0
353	4
354	31
355	25
356	5
357	11
358	6
359	34
360	29
361	10
362	18
363	4
364	15
365	5
366	23
367	21
368	30
369	10
370	17
371	29
372	5
373	0
374	0
375	4
376	11
377	14
378	10
379	18
380	20
381	19
382	5
383	13
384	10
385	0
386	28
387	10
388	36
389	0
390	22
391	18
392	1
393	30
394	1
395	15
396	31
397	0
398	13
399	10
400	15
401	15
402	10
403	0
404	35
405	10
406	0
407	0
408	10
409	23
410	10
411	31
412	0
413	10
414	16
415	20
416	20
417	5
418	25
419	17
420	31
421	15
422	32
423	20
424	10
425	21
426	9
427	5
428	29
429	27
430	4
431	7
432	0
433	0
434	10
435	18
436	17
437	15
438	2
439	0
440	30
441	31
442	13
443	7
444	11
445	1
446	1
447	4
448	9
449	29
450	10
451	2
452	18
453	8
454	27
455	0
456	16
457	4
458	27
459	11
460	4
461	11
462	19
463	17
464	23
465	1
466	23
467	15
468	0
469	22
470	11
471	8
472	10
473	4
474	22
475	4
476	10
477	4
478	0
479	18
480	11
481	31
482	20
483	31
484	19
485	4
486	5
487	4
488	23
489	8
490	4
491	34
492	4
493	14
494	21
495	4
496	2
497	4
498	10
499	10
500	19
501	31
502	4
503	35
504	1
505	0
506	21
507	21
508	5
509	0
510	21
511	2
512	6
513	21
514	4
515	0
516	20
517	5
518	4
519	12
520	4
521	4
522	20
523	2
524	23
525	10
526	11
527	13
528	11
529	0
530	7
531	1
532	23
533	7
534	26
535	2
536	10
537	11
538	0
539	9
540	1
541	30
542	0
543	12
544	13
545	10
546	0
547	29
548	8
549	22
550	15
551	1
552	1
553	20
554	4
555	33
556	0
557	26
558	0
559	22
560	0
561	20
562	10
563	20
564	26
565	20
566	3
567	6
568	4
569	0
570	6
571	18
572	1
573	4
574	10
575	23
576	10
577	23
578	18
579	11
580	6
581	28
582	26
583	29
584	23
585	1
586	1
587	9
588	19
589	1
590	4
591	7
592	20
593	30
594	13
595	8
596	21
597	10
598	0
599	20
600	14
601	1
602	30
603	17
604	4
605	0
606	0
607	30
608	17
609	11
610	4
611	32
612	9
613	18
614	30
615	7
616	31
617	14
618	7
619	23
620	0
621	13
622	31
623	7
624	31
625	14
626	8
627	20
628	20
629	8
630	11
631	32
632	23
633	9
634	19
635	24
636	7
637	5
638	10
639	20
640	29
641	20
642	16
643	7
644	27
645	2
646	20
647	4
648	11
649	11
650	7
651	10
652	4
653	5
654	7
655	11
656	1
657	20
658	4
659	4
660	20
661	4
662	3
663	0
664	0
665	14
666	20
667	1
668	20
669	4
670	21
671	9
672	34
673	0
674	11
675	26
676	10
677	34
678	1
679	17
680	0
681	20
682	20
683	10
684	4
685	13
686	22
687	25
688	15
689	10
690	7
691	4
692	4
693	27
694	34
695	8
696	4
697	23
698	29
699	11
700	5
701	34
702	11
703	23
704	25
705	25
706	21
707	13
708	15
709	3
710	34
711	20
712	5
713	0
714	17
715	4
716	0
717	10
718	20
719	2
720	9
721	1
722	10
723	11
724	20
725	20
726	9
727	34
728	10
729	6
730	35
731	23
732	32
733	8
734	0
735	5
736	30
737	1
738	16
739	10
740	8
741	2
742	6
743	16
744	11
745	1
746	6
747	10
748	22
749	34
750	4
751	1
752	9
753	20
754	2
755	31
756	2
757	14
758	10
759	7
760	23
761	27
762	0
763	22
764	35
765	35
766	10
767	4
768	23
769	9
770	13
771	24
772	33
773	1
774	4
775	0
776	9
777	14
778	7
779	18
780	4
781	1
782	2
783	26
784	30
785	14
786	11
787	8
788	1
789	0
790	0
791	4
792	27
793	1
794	0
795	4
796	9
797	6
798	16
799	8
800	30
801	15
802	28
803	10
804	10
805	5
806	31
807	1
808	10
809	30
810	33
811	20
812	30
813	11
814	19
815	2
816	4
817	0
818	29
819	29
820	6
821	23
822	5
823	10
824	1
825	1
826	14
827	16
828	11
829	20
830	34
831	5
832	20
833	4
834	21
835	2
836	4
837	29
838	17
839	17
840	9
841	10
842	0
843	22
844	20
845	20
846	23
847	0
848	10
849	17
850	9
851	12
852	4
853	9
854	30
855	24
856	0
857	2
858	20
859	2
860	8
861	4
862	13
863	10
864	5
865	22
866	20
867	18
868	23
869	25
870	0
871	21
872	0
873	20
874	23
875	10
876	9
877	14
878	29
879	23
880	10
881	30
882	10
883	20
884	6
885	12
886	20
887	16
888	21
889	2
890	20
891	11
892	30
893	0
894	9
895	21
896	8
897	27
898	10
899	15
900	24
901	17
902	6
903	5
904	2
905	27
906	0
907	21
908	24
909	34
910	18
911	0
912	26
913	10
914	1
915	28
916	24
917	7
918	9
919	14
920	8
921	4
922	31
923	4
924	10
925	13
926	9
927	17
928	0
929	0
930	19
931	0
932	4
933	22
934	17
935	13
936	27
937	1
938	20
939	14
940	10
941	23
942	15
943	8
944	4
945	10
946	4
947	2
948	1
949	2
950	10
951	1
952	19
953	1
954	10
955	10
956	23
957	20
958	1
959	0
960	34
961	8
962	18
963	5
964	9
965	10
966	22
967	10
968	14
969	10
970	17
971	16
972	4
973	30
974	9
975	4
976	10
977	0
978	0
979	20
980	2
981	11
982	5
983	9
984	30
985	0
986	1
987	35
988	0
989	4
990	7
991	13
992	9
993	18
994	29
995	10
996	18
997	1
998	27
999	8
1000	20
1001	36
1002	19
1003	7
1004	1
1005	10
1006	27
1007	4
1008	20
1009	14
1010	4
1011	18
1012	16
1013	1
1014	13
1015	16
1016	9
1017	29
1018	8
1019	9
1020	0
1021	1
1022	27
1023	1
1024	8
1025	16
1026	19
1027	3
1028	11
1029	34
1030	13
1031	3
1032	13
1033	0
1034	13
1035	13
1036	9
1037	1
1038	0
1039	7
1040	23
1041	4
1042	26
1043	23
1044	20
1045	20
1046	21
1047	25
1048	11
1049	11
1050	0
1051	6
1052	4
1053	23
1054	17
1055	4
1056	20
1057	1
1058	10
1059	21
1060	4
1061	29
1062	13
1063	8
1064	1
1065	19
1066	2
1067	4
1068	0
1069	11
1070	32
1071	21
1072	10
1073	18
1074	19
1075	21
1076	22
1077	6
1078	7
1079	12
1080	32
1081	0
1082	0
1083	20
1084	21
1085	2
1086	20
1087	1
1088	0
1089	21
1090	10
1091	20
1092	3
1093	2
1094	4
1095	3
1096	1
1097	4
1098	0
1099	7
1100	4
1101	21
1102	4
1103	2
1104	20
1105	1
1106	32
1107	4
1108	18
1109	32
1110	11
1111	1
1112	0
1113	8
1114	31
1115	20
1116	10
1117	12
1118	4
1119	33
1120	20
1121	4
1122	7
1123	1
1124	5
1125	31
1126	13
1127	4
1128	24
1129	27
1130	14
1131	17
1132	0
1133	25
1134	4
1135	20
1136	0
1137	4
1138	23
1139	18
1140	15
1141	16
1142	8
1143	10
1144	21
1145	4
1146	23
1147	4
1148	0
1149	9
1150	10
1151	5
1152	10
1153	4
1154	4
1155	12
1156	27
1157	13
1158	2
1159	10
1160	21
1161	5
1162	2
1163	22
1164	30
1165	9
1166	14
1167	4
1168	0
1169	2
1170	11
1171	19
1172	0
1173	1
1174	17
1175	1
1176	13
1177	6
1178	10
1179	0
1180	1
1181	29
1182	14
1183	4
1184	18
1185	1
1186	22
1187	11
1188	10
1189	1
1190	31
1191	0
1192	0
1193	0
1194	20
1195	1
1196	1
1197	9
1198	0
1199	15
1200	10
1201	4
1202	33
1203	18
1204	4
1205	5
1206	31
1207	21
1208	23
1209	23
1210	1
1211	13
1212	11
1213	0
1214	15
1215	1
1216	10
1217	1
1218	8
1219	7
1220	9
1221	0
1222	1
1223	13
1224	20
1225	12
1226	0
1227	4
1228	20
1229	8
1230	10
1231	9
1232	18
1233	14
1234	2
1235	21
1236	34
1237	23
1238	4
1239	10
1240	0
1241	31
1242	34
1243	9
1244	11
1245	22
1246	30
1247	12
1248	11
1249	29
1250	32
1251	20
1252	22
1253	10
1254	10
1255	31
1256	18
1257	30
1258	4
1259	1
1260	4
1261	17
1262	25
1263	0
1264	13
1265	1
1266	4
1267	30
1268	8
1269	0
1270	2
1271	23
1272	1
1273	12
1274	22
1275	2
1276	20
1277	1
1278	30
1279	5
1280	18
1281	5
1282	20
1283	10
1284	11
1285	23
1286	31
1287	0
1288	13
1289	10
1290	13
1291	10
1292	20
1293	1
1294	10
1295	0
1296	24
1297	4
1298	0
1299	7
1300	1
1301	7
1302	19
1303	0
1304	9
1305	20
1306	30
1307	2
1308	29
1309	1
1310	7
1311	17
1312	30
1313	0
1314	21
1315	30
1316	0
1317	20
1318	2
1319	5
1320	18
1321	10
1322	27
1323	4
1324	20
1325	4
1326	16
1327	30
1328	17
1329	16
1330	11
1331	35
1332	10
1333	30
1334	20
1335	17
1336	0
1337	10
1338	0
1339	1
1340	20
1341	10
1342	33
1343	20
1344	0
1345	18
1346	20
1347	23
1348	13
1349	16
1350	0
1351	4
1352	0
1353	11
1354	10
1355	1
1356	9
1357	10
1358	23
1359	10
1360	22
1361	5
1362	22
1363	4
1364	8
1365	20
1366	8
1367	23
1368	27
1369	1
1370	23
1371	5
1372	25
1373	29
1374	18
1375	1
1376	0
1377	10
1378	18
1379	11
1380	31
1381	23
1382	1
1383	0
1384	0
1385	4
1386	0
1387	23
1388	18
1389	10
1390	23
1391	4
1392	31
1393	20
1394	15
1395	10
1396	3
1397	3
1398	15
1399	22
1400	23
1401	25
1402	10
1403	16
1404	25
1405	1
1406	4
1407	0
1408	23
1409	4
1410	30
1411	34
1412	18
1413	3
1414	32
1415	9
1416	18
1417	4
1418	27
1419	10
1420	8
1421	9
1422	5
1423	2
1424	5
1425	26
1426	0
1427	30
1428	10
1429	7
1430	27
1431	7
1432	9
1433	34
1434	4
1435	23
1436	1
1437	0
1438	8
1439	22
1440	0
1441	16
1442	4
1443	4
1444	23
1445	29
1446	32
1447	9
1448	7
1449	3
1450	1
1451	3
1452	4
1453	9
1454	2
1455	30
1456	7
1457	27
1458	8
1459	17
1460	13
1461	5
1462	9
1463	1
1464	0
1465	4
1466	20
1467	17
1468	1
1469	32
1470	17
1471	36
1472	5
1473	34
1474	23
1475	13
1476	1
1477	15
1478	4
1479	0
1480	5
1481	20
1482	9
1483	10
1484	21
1485	30
1486	25
1487	6
1488	4
1489	30
1490	10
1491	20
1492	9
1493	10
1494	21
1495	29
1496	8
1497	0
1498	9
1499	30
1500	20
1501	27
1502	10
1503	22
1504	30
1505	8
1506	1
1507	5
1508	4
1509	15
1510	20
1511	30
1512	14
1513	20
1514	18
1515	23
1516	10
1517	32
1518	1
1519	20
1520	0
1521	20
1522	20
1523	30
1524	0
1525	33
1526	7
1527	4
1528	18
1529	30
1530	30
1531	8
1532	23
1533	13
1534	11
1535	13
1536	15
1537	3
1538	8
1539	34
1540	11
1541	22
1542	17
1543	8
1544	30
1545	30
1546	4
1547	10
1548	30
1549	36
1550	24
1551	0
1552	16
1553	10
1554	20
1555	4
1556	8
1557	23
1558	4
1559	10
1560	4
1561	25
1562	11
1563	4
1564	32
1565	10
1566	31
1567	9
1568	27
1569	4
1570	30
1571	8
1572	4
1573	12
1574	19
1575	31
1576	27
1577	20
1578	10
1579	18
1580	30
1581	0
1582	27
1583	33
1584	25
1585	25
1586	11
1587	20
1588	4
1589	7
1590	1
1591	4
1592	1
1593	23
1594	18
1595	10
1596	8
1597	22
1598	26
1599	3
1600	36
1601	0
1602	24
1603	31
1604	19
1605	9
1606	20
1607	12
1608	0
1609	18
1610	0
1611	7
1612	22
1613	12
1614	3
1615	4
1616	21
1617	30
1618	16
1619	23
1620	31
1621	8
1622	20
1623	28
1624	20
1625	18
1626	8
1627	9
1628	0
1629	23
1630	12
1631	10
1632	18
1633	13
1634	7
1635	27
1636	2
1637	0
1638	20
1639	0
1640	23
1641	26
1642	9
1643	13
1644	36
1645	1
1646	16
1647	32
1648	16
1649	1
1650	1
1651	23
1652	10
1653	0
1654	27
1655	0
1656	21
1657	11
1658	9
1659	17
1660	23
1661	0
1662	4
1663	8
1664	10
1665	10
1666	22
1667	5
1668	13
1669	30
1670	0
1671	4
1672	3
1673	24
1674	30
1675	12
1676	17
1677	10
1678	19
1679	29
1680	0
1681	0
1682	25
1683	10
1684	10
1685	1
1686	17
1687	0
1688	11
1689	33
1690	20
1691	0
1692	18
1693	10
1694	1
1695	22
1696	8
1697	4
1698	3
1699	30
1700	8
1701	18
1702	27
1703	18
1704	19
1705	11
1706	11
1707	8
1708	20
1709	13
1710	3
1711	12
1712	32
1713	8
1714	8
1715	14
1716	10
1717	11
1718	18
1719	6
1720	11
1721	10
1722	18
1723	10
1724	0
1725	31
1726	0
1727	0
1728	0
1729	22
1730	27
1731	17
1732	17
1733	4
1734	9
1735	8
1736	0
1737	17
1738	23
1739	1
1740	15
1741	17
1742	31
1743	16
1744	10
1745	8
1746	20
1747	0
1748	25
1749	0
1750	0
1751	10
1752	0
1753	9
1754	0
1755	27
1756	10
1757	0
1758	1
1759	0
1760	20
1761	4
1762	15
1763	12
1764	28
1765	21
1766	23
1767	5
1768	10
1769	1
1770	0
1771	0
1772	18
1773	20
1774	5
1775	13
1776	1
1777	20
1778	8
1779	16
1780	15
1781	0
1782	1
1783	7
1784	16
1785	8
1786	1
1787	23
1788	24
1789	4
1790	25
1791	30
1792	5
1793	30
1794	6
1795	10
1796	10
1797	31
1798	4
1799	26
1800	20
1801	30
1802	9
1803	23
1804	1
1805	4
1806	8
1807	31
1808	0
1809	0
1810	33
1811	1
1812	35
1813	10
1814	3
1815	31
1816	29
1817	31
1818	0
1819	20
1820	5
1821	16
1822	30
1823	1
1824	18
1825	12
1826	0
1827	20
1828	10
1829	16
1830	17
1831	34
1832	23
1833	19
1834	20
1835	2
1836	2
1837	27
1838	0
1839	23
1840	30
1841	32
1842	30
1843	4
1844	5
1845	11
1846	4
1847	20
1848	30
1849	30
1850	6
1851	10
1852	1
1853	24
1854	30
1855	0
1856	4
1857	31
1858	7
1859	23
1860	4
1861	16
1862	1
1863	12
1864	31
1865	8
1866	1
1867	20
1868	33
1869	15
1870	2
1871	1
1872	5
1873	0
1874	1
1875	27
1876	0
1877	10
1878	2
1879	4
1880	2
1881	0
1882	4
1883	3
1884	0
1885	17
1886	8
1887	4
1888	20
1889	0
1890	20
1891	9
1892	1
1893	4
1894	9
1895	1
1896	9
1897	22
1898	1
1899	20
1900	31
1901	10
1902	7
1903	10
1904	11
1905	8
1906	22
1907	30
1908	1
1909	18
1910	32
1911	27
1912	0
1913	12
1914	30
1915	9
1916	0
1917	17
1918	25
1919	1
1920	7
1921	23
1922	0
1923	10
1924	9
1925	13
1926	10
1927	9
1928	31
1929	5
1930	0
1931	15
1932	0
1933	31
1934	14
1935	16
1936	23
1937	15
1938	20
1939	10
1940	13
1941	4
1942	1
1943	5
1944	0
1945	13
1946	26
1947	2
1948	0
1949	9
1950	10
1951	18
1952	2
1953	4
1954	0
1955	20
1956	4
1957	0
1958	0
1959	11
1960	30
1961	0
1962	19
1963	1
1964	10
1965	7
1966	17
1967	29
1968	20
1969	0
1970	22
1971	10
1972	23
1973	30
1974	0
1975	16
1976	31
1977	20
1978	1
1979	9
1980	10
1981	0
1982	2
1983	20
1984	1
1985	11
1986	36
1987	0
1988	1
1989	23
1990	18
1991	9
1992	10
1993	31
1994	27
1995	18
1996	1
1997	17
1998	7
1999	30
2000	33
2001	1
2002	7
2003	22
2004	1
2005	24
2006	0
2007	30
2008	32
2009	1
2010	1
2011	27
2012	9
2013	7
2014	1
2015	0
2016	1
2017	11
2018	0
2019	1
2020	1
2021	10
2022	30
2023	1
2024	16
2025	11
2026	19
2027	18
2028	32
2029	29
2030	8
2031	30
2032	35
2033	18
2034	8
2035	9
2036	21
2037	10
2038	31
2039	20
2040	5
2041	14
2042	0
2043	10
2044	4
2045	10
2046	20
2047	13
2048	8
2049	10
2050	11
2051	1
2052	4
2053	2
2054	10
2055	21
2056	10
2057	1
2058	2
2059	13
2060	2
2061	7
2062	0
2063	27
2064	3
2065	10
2066	15
2067	20
2068	19
2069	0
2070	27
2071	18
2072	15
2073	10
2074	4
2075	0
2076	30
2077	4
2078	2
2079	30
2080	11
2081	30
2082	9
2083	22
2084	13
2085	9
2086	20
2087	30
2088	18
2089	1
2090	6
2091	26
2092	1
2093	23
2094	4
2095	4
2096	22
2097	23
2098	9
2099	9
2100	11
2101	1
2102	9
2103	13
2104	20
2105	18
2106	15
2107	10
2108	2
2109	27
2110	27
2111	4
2112	30
2113	2
2114	23
2115	0
2116	4
2117	14
2118	0
2119	15
2120	14
2121	20
2122	1
2123	4
2124	4
2125	13
2126	1
2127	10
2128	9
2129	10
2130	7
2131	19
2132	20
2133	0
2134	4
2135	23
2136	31
2137	20
2138	1
2139	5
2140	18
2141	23
2142	15
2143	2
2144	10
2145	33
2146	4
2147	1
2148	10
2149	8
2150	12
2151	11
2152	20
2153	10
2154	20
2155	0
2156	8
2157	19
2158	20
2159	18
2160	25
2161	1
2162	12
2163	22
2164	11
2165	18
2166	0
2167	10
2168	4
2169	18
2170	23
2171	5
2172	25
2173	7
2174	5
2175	10
2176	3
2177	29
2178	25
2179	16
2180	9
2181	20
2182	0
2183	29
2184	11
2185	25
2186	2
2187	24
2188	27
2189	0
2190	30
2191	10
2192	18
2193	21
2194	10
2195	7
2196	10
2197	0
2198	2
2199	9
2200	30
2201	35
2202	4
2203	6
2204	31
2205	3
2206	23
2207	9
2208	4
2209	23
2210	1
2211	30
2212	10
2213	8
2214	23
2215	19
2216	0
2217	4
2218	21
2219	12
2220	22
2221	4
2222	30
2223	27
2224	34
2225	30
2226	31
2227	5
2228	0
2229	4
2230	4
2231	1
2232	0
2233	24
2234	30
2235	0
2236	17
2237	0
2238	16
2239	4
2240	16
2241	11
2242	4
2243	12
2244	31
2245	29
2246	10
2247	20
2248	0
2249	4
2250	11
2251	11
2252	14
2253	2
2254	20
2255	30
2256	25
2257	9
2258	31
2259	32
2260	0
2261	8
2262	4
2263	0
2264	10
2265	14
2266	20
2267	15
2268	4
2269	1
2270	10
2271	4
2272	31
2273	2
2274	19
2275	0
2276	15
2277	20
2278	27
2279	8
2280	14
2281	20
2282	20
2283	20
2284	7
2285	11
2286	24
2287	27
2288	23
2289	23
2290	9
2291	5
2292	0
2293	31
2294	15
2295	34
2296	18
2297	0
2298	23
2299	14
2300	5
2301	13
2302	0
2303	18
2304	23
2305	22
2306	10
2307	23
2308	4
2309	25
2310	30
2311	5
2312	14
2313	2
2314	10
2315	1
2316	0
2317	1
2318	10
2319	36
2320	35
2321	25
2322	31
2323	29
2324	17
2325	4
2326	21
2327	9
2328	1
2329	30
2330	1
2331	8
2332	1
2333	1
2334	10
2335	4
2336	19
2337	1
2338	21
2339	1
2340	5
2341	5
2342	23
2343	10
2344	4
2345	1
2346	20
2347	30
2348	21
2349	27
2350	35
2351	10
2352	0
2353	4
2354	31
2355	7
2356	16
2357	1
2358	10
2359	21
2360	30
2361	11
2362	1
2363	29
2364	4
2365	20
2366	0
2367	27
2368	11
2369	4
2370	20
2371	0
2372	19
2373	10
2374	10
2375	2
2376	22
2377	10
2378	1
2379	13
2380	9
2381	30
2382	4
2383	22
2384	0
2385	10
2386	0
2387	18
2388	2
2389	0
2390	5
2391	11
2392	0
2393	4
2394	0
2395	11
2396	22
2397	35
2398	14
2399	8
2400	30
2401	31
2402	9
2403	10
2404	1
2405	29
2406	30
2407	0
2408	1
2409	8
2410	0
2411	30
2412	4
2413	11
2414	7
2415	17
2416	17
2417	20
2418	4
2419	4
2420	8
2421	0
2422	20
2423	10
2424	10
2425	11
2426	34
2427	7
2428	14
2429	25
2430	20
2431	30
2432	10
2433	9
2434	3
2435	18
2436	18
2437	7
2438	0
2439	21
2440	10
2441	13
2442	10
2443	24
2444	16
2445	16
2446	30
2447	10
2448	10
2449	5
2450	0
2451	2
2452	23
2453	27
2454	36
2455	0
2456	18
2457	1
2458	23
2459	17
2460	4
2461	10
2462	19
2463	4
2464	7
2465	0
2466	10
2467	4
2468	17
2469	14
2470	10
2471	5
2472	0
2473	8
2474	34
2475	3
2476	1
2477	9
2478	17
2479	31
2480	10
2481	31
2482	17
2483	27
2484	11
2485	34
2486	7
2487	15
2488	0
2489	9
2490	5
2491	17
2492	4
2493	20
2494	1
2495	0
2496	0
2497	4
2498	8
2499	8
2500	5
2501	0
2502	10
2503	4
2504	0
2505	9
2506	20
2507	7
2508	16
2509	20
2510	7
2511	4
2512	0
2513	1
2514	23
2515	17
2516	0
2517	4
2518	35
2519	11
2520	23
2521	33
2522	20
2523	0
2524	8
2525	29
2526	1
2527	17
2528	9
2529	8
2530	10
2531	30
2532	10
2533	20
2534	10
2535	17
2536	5
2537	1
2538	34
2539	1
2540	10
2541	22
2542	31
2543	0
2544	22
2545	34
2546	7
2547	10
2548	4
2549	26
2550	20
2551	20
2552	17
2553	7
2554	9
2555	16
2556	10
2557	4
2558	10
2559	1
2560	0
2561	1
2562	16
2563	34
2564	23
2565	1
2566	10
2567	23
2568	1
2569	11
2570	5
2571	20
2572	23
2573	23
2574	2
2575	16
2576	8
2577	18
2578	0
2579	2
2580	1
2581	14
2582	0
2583	0
2584	1
2585	35
2586	18
2587	1
2588	5
2589	5
2590	0
2591	25
2592	5
2593	28
2594	0
2595	0
2596	32
2597	31
2598	7
2599	1
2600	30
2601	1
2602	18
2603	14
2604	0
2605	4
2606	0
2607	10
2608	5
2609	29
2610	15
2611	14
2612	16
2613	17
2614	33
2615	35
2616	30
2617	7
2618	16
2619	5
2620	10
2621	20
2622	0
2623	0
2624	4
2625	15
2626	2
2627	17
2628	4
2629	20
2630	18
2631	34
2632	19
2633	30
2634	11
2635	0
2636	9
2637	27
2638	14
2639	18
2640	30
2641	31
2642	30
2643	10
2644	4
2645	29
2646	35
2647	20
2648	12
2649	14
2650	10
2651	7
2652	20
2653	32
2654	14
2655	4
2656	13
2657	13
2658	1
2659	4
2660	18
2661	4
2662	10
2663	13
2664	1
2665	4
2666	0
2667	10
2668	20
2669	24
2670	0
2671	23
2672	32
2673	10
2674	27
2675	28
2676	10
2677	11
2678	0
2679	23
2680	29
2681	11
2682	27
2683	27
2684	21
2685	21
2686	23
2687	7
2688	1
2689	18
2690	31
2691	0
2692	10
2693	16
2694	31
2695	1
2696	18
2697	35
2698	1
2699	23
2700	11
2701	16
2702	16
2703	20
2704	5
2705	9
2706	4
2707	13
2708	0
2709	30
2710	27
2711	4
2712	10
2713	0
2714	20
2715	1
2716	2
2717	18
2718	16
2719	4
2720	30
2721	8
2722	10
2723	1
2724	0
2725	4
2726	2
2727	10
2728	4
2729	31
2730	4
2731	31
2732	12
2733	11
2734	32
2735	20
2736	0
2737	13
2738	10
2739	31
2740	5
2741	4
2742	20
2743	10
2744	2
2745	35
2746	4
2747	31
2748	13
2749	5
2750	25
2751	1
2752	26
2753	20
2754	10
2755	1
2756	4
2757	30
2758	16
2759	9
2760	2
2761	27
2762	13
2763	29
2764	1
2765	4
2766	2
2767	8
2768	9
2769	30
2770	1
2771	18
2772	5
2773	0
2774	14
2775	22
2776	30
2777	10
2778	1
2779	10
2780	11
2781	10
2782	4
2783	0
2784	23
2785	0
2786	0
2787	4
2788	30
2789	14
2790	16
2791	15
2792	10
2793	7
2794	8
2795	20
2796	4
2797	27
2798	23
2799	4
2800	10
2801	1
2802	16
2803	4
2804	34
2805	15
2806	25
2807	0
2808	0
2809	32
2810	8
2811	13
2812	12
2813	8
2814	11
2815	29
2816	20
2817	10
2818	23
2819	11
2820	10
2821	10
2822	8
2823	32
2824	20
2825	9
2826	18
2827	0
2828	24
2829	11
2830	0
2831	0
2832	36
2833	4
2834	8
2835	10
2836	14
2837	0
2838	1
2839	7
2840	20
2841	4
2842	2
2843	1
2844	16
2845	23
2846	16
2847	4
2848	22
2849	19
2850	0
2851	5
2852	10
2853	4
2854	1
2855	32
2856	23
2857	27
2858	20
2859	15
2860	2
2861	7
2862	23
2863	31
2864	10
2865	5
2866	20
2867	1
2868	18
2869	18
2870	5
2871	31
2872	24
2873	15
2874	32
2875	33
2876	2
2877	26
2878	0
2879	1
2880	31
2881	0
2882	13
2883	4
2884	0
2885	0
2886	10
2887	4
2888	16
2889	0
2890	1
2891	0
2892	16
2893	1
2894	23
2895	0
2896	7
2897	15
2898	4
2899	24
2900	9
2901	0
2902	0
2903	0
2904	2
2905	35
2906	10
2907	10
2908	10
2909	1
2910	4
2911	19
2912	3
2913	5
2914	1
2915	12
2916	1
2917	24
2918	34
2919	18
2920	10
2921	10
2922	13
2923	9
2924	4
2925	0
2926	2
2927	1
2928	14
2929	4
2930	9
2931	17
2932	10
2933	5
2934	27
2935	6
2936	0
2937	35
2938	24
2939	23
2940	1
2941	20
2942	30
2943	20
2944	10
2945	1
2946	19
2947	1
2948	1
2949	4
2950	31
2951	23
2952	7
2953	21
2954	18
2955	22
2956	15
2957	0
2958	23
2959	18
2960	9
2961	0
2962	0
2963	8
2964	27
2965	23
2966	14
2967	9
2968	14
2969	0
2970	15
2971	23
2972	4
2973	10
2974	10
2975	0
2976	20
2977	0
2978	5
2979	10
2980	9
2981	5
2982	20
2983	4
2984	31
2985	35
2986	22
2987	27
2988	14
2989	27
2990	17
2991	24
2992	16
2993	0
2994	11
2995	4
2996	0
2997	17
2998	4
2999	2
3000	16
3001	2
3002	7
3003	5
3004	23
3005	20
3006	10
3007	31
3008	5
3009	0
3010	23
3011	1
3012	9
3013	5
3014	26
3015	28
3016	31
3017	10
3018	1
3019	10
3020	31
3021	24
3022	27
3023	0
3024	10
3025	18
3026	20
3027	23
3028	0
3029	13
3030	4
3031	0
3032	23
3033	14
3034	4
3035	11
3036	32
3037	34
3038	22
3039	10
3040	31
3041	7
3042	10
3043	11
3044	2
3045	20
3046	28
3047	18
3048	31
3049	10
3050	23
3051	20
3052	20
3053	26
3054	13
3055	13
3056	22
3057	1
3058	0
3059	36
3060	0
3061	0
3062	27
3063	23
3064	22
3065	18
3066	31
3067	8
3068	18
3069	0
3070	9
3071	1
3072	2
3073	10
3074	0
3075	10
3076	1
3077	1
3078	23
3079	4
3080	0
3081	1
3082	1
3083	13
3084	26
3085	20
3086	2
3087	23
3088	11
3089	9
3090	13
3091	17
3092	10
3093	8
3094	11
3095	34
3096	30
3097	6
3098	10
3099	17
3100	4
3101	4
3102	4
3103	1
3104	2
3105	10
3106	30
3107	4
3108	9
3109	24
3110	1
3111	4
3112	22
3113	13
3114	18
3115	2
3116	21
3117	10
3118	5
3119	13
3120	6
3121	27
3122	23
3123	7
3124	0
3125	26
3126	20
3127	7
3128	1
3129	4
3130	22
3131	15
3132	7
3133	9
3134	15
3135	10
3136	0
3137	32
3138	20
3139	22
3140	0
3141	0
3142	27
3143	23
3144	28
3145	10
3146	23
3147	10
3148	5
3149	21
3150	2
3151	10
3152	27
3153	22
3154	12
3155	4
3156	23
3157	7
3158	0
3159	34
3160	10
3161	20
3162	2
3163	16
3164	10
3165	0
3166	12
3167	0
3168	15
3169	8
3170	5
3171	1
3172	4
3173	9
3174	4
3175	4
3176	1
3177	29
3178	27
3179	1
3180	4
3181	10
3182	20
3183	0
3184	0
3185	11
3186	23
3187	7
3188	13
3189	20
3190	23
3191	17
3192	25
3193	2
3194	0
3195	7
3196	8
3197	9
3198	22
3199	10
3200	17
3201	10
3202	14
3203	11
3204	8
3205	10
3206	0
3207	31
3208	0
3209	3
3210	13
3211	6
3212	20
3213	1
3214	23
3215	16
3216	3
3217	4
3218	6
3219	27
3220	4
3221	20
3222	10
3223	1
3224	7
3225	23
3226	5
3227	8
3228	5
3229	7
3230	0
3231	9
3232	10
3233	1
3234	26
3235	30
3236	1
3237	4
3238	1
3239	13
3240	4
3241	6
3242	1
3243	15
3244	0
3245	30
3246	36
3247	12
3248	0
3249	0
3250	11
3251	15
3252	23
3253	10
3254	23
3255	4
3256	0
3257	9
3258	10
3259	7
3260	0
3261	26
3262	1
3263	9
3264	2
3265	7
3266	20
3267	22
3268	18
3269	6
3270	20
3271	16
3272	0
3273	4
3274	18
3275	23
3276	1
3277	1
3278	2
3279	0
3280	0
3281	9
3282	15
3283	20
3284	15
3285	8
3286	20
3287	10
3288	17
3289	17
3290	0
3291	20
3292	1
3293	9
3294	4
3295	10
3296	2
3297	1
3298	0
3299	28
3300	23
3301	0
3302	3
3303	0
3304	16
3305	27
3306	0
3307	35
3308	0
3309	5
3310	0
3311	24
3312	11
3313	9
3314	17
3315	1
3316	22
3317	0
3318	0
3319	8
3320	27
3321	23
3322	0
3323	17
3324	2
3325	0
3326	16
3327	23
3328	16
3329	10
3330	10
3331	21
3332	9
3333	30
3334	1
3335	23
3336	31
3337	10
3338	6
3339	8
3340	11
3341	0
3342	4
3343	33
3344	9
3345	18
3346	12
3347	10
3348	20
3349	9
3350	8
3351	0
3352	1
3353	10
3354	18
3355	18
3356	9
3357	0
3358	4
3359	0
3360	21
3361	20
3362	11
3363	18
3364	7
3365	1
3366	23
3367	35
3368	9
3369	2
3370	0
3371	4
3372	11
3373	21
3374	24
3375	29
3376	1
3377	23
3378	23
3379	14
3380	6
3381	11
3382	1
3383	5
3384	10
3385	9
3386	1
3387	27
3388	0
3389	3
3390	18
3391	4
3392	13
3393	10
3394	10
3395	18
3396	1
3397	0
3398	1
3399	15
3400	20
3401	11
3402	0
3403	20
3404	20
