0	12
1	18
2	10
3	4
4	22
5	23
6	31
7	4
8	8
9	0
10	27
11	31
12	4
13	1
14	26
15	27
16	11
17	11
18	14
19	19
20	21
21	21
22	27
23	26
24	23
25	1
26	2
27	4
28	10
29	20
30	1
31	0
32	6
33	1
34	0
35	9
36	24
37	6
38	9
39	23
40	0
41	0
42	10
43	30
44	0
45	15
46	20
47	2
48	4
49	18
50	3
51	4
52	21
53	14
54	0
55	30
56	23
57	10
58	10
59	25
60	13
61	20
62	0
63	11
64	16
65	2
66	11
67	4
68	5
69	4
70	29
71	35
72	17
73	2
74	20
75	12
76	0
77	4
78	30
79	0
80	19
81	0
82	9
83	1
84	11
85	10
86	4
87	30
88	8
89	9
90	0
91	20
92	5
93	4
94	10
95	30
96	19
97	4
98	4
99	0
100	8
101	20
102	17
103	0
104	15
105	23
106	0
107	27
108	7
109	25
110	34
111	23
112	8
113	10
114	24
115	0
116	23
117	20
118	24
119	18
120	32
121	23
122	9
123	9
124	13
125	1
126	8
127	4
128	0
129	0
130	8
131	11
132	24
133	8
134	2
135	4
136	0
137	0
138	31
139	2
140	22
141	30
142	20
143	4
144	3
145	9
146	9
147	8
148	1
149	0
150	10
151	1
152	0
153	4
154	9
155	0
156	30
157	32
158	18
159	31
160	0
161	18
162	15
163	11
164	30
165	10
166	13
167	0
168	13
169	0
170	20
171	22
172	23
173	9
174	16
175	21
176	8
177	11
178	9
179	30
180	5
181	30
182	21
183	32
184	2
185	1
186	20
187	35
188	30
189	3
190	1
191	11
192	16
193	10
194	0
195	13
196	1
197	1
198	8
199	23
200	8
201	10
202	25
203	0
204	23
205	4
206	20
207	10
208	4
209	8
210	7
211	30
212	6
213	10
214	34
215	0
216	11
217	0
218	20
219	30
220	30
221	3
222	22
223	5
224	11
225	1
226	8
227	36
228	10
229	1
230	11
231	8
232	4
233	22
234	30
235	4
236	31
237	30
238	5
239	30
240	18
241	30
242	4
243	20
244	11
245	16
246	18
247	4
248	13
249	27
250	10
251	9
252	16
253	17
254	1
255	2
256	31
257	9
258	0
259	30
260	0
261	15
262	30
263	11
264	11
265	30
266	4
267	22
268	27
269	21
270	0
271	30
272	17
273	23
274	0
275	1
276	27
277	4
278	11
279	9
280	30
281	27
282	23
283	20
284	0
285	11
286	8
287	18
288	23
289	21
290	20
291	25
292	27
293	1
294	4
295	19
296	4
297	10
298	4
299	15
300	14
301	0
302	10
303	4
304	23
305	9
306	2
307	8
308	23
309	1
310	9
311	36
312	23
313	8
314	13
315	10
316	2
317	4
318	24
319	2
320	20
321	14
322	4
323	2
324	8
325	16
326	1
327	0
328	0
329	16
330	22
331	20
332	4
333	10
334	0
335	14
336	4
337	20
338	12
339	23
340	20
341	0
342	36
343	12
344	30
345	0
346	11
347	1
348	16
349	13
350	10
351	20
352	2
353	4
354	1
355	30
356	10
357	11
358	2
359	30
360	0
361	21
362	9
363	18
364	5
365	31
366	0
367	0
368	7
369	10
370	7
371	8
372	1
373	1
374	0
375	31
376	6
377	27
378	17
379	1
380	14
381	7
382	34
383	0
384	13
385	20
386	1
387	10
388	22
389	15
390	30
391	0
392	8
393	0
394	23
395	10
396	26
397	22
398	9
399	20
400	4
401	20
402	27
403	31
404	8
405	4
406	32
407	9
408	23
409	7
410	0
411	0
412	5
413	15
414	9
415	18
416	22
417	1
418	25
419	2
420	2
421	4
422	29
423	31
424	4
425	10
426	10
427	0
428	10
429	1
430	30
431	21
432	1
433	18
434	0
435	20
436	4
437	0
438	0
439	22
440	8
441	0
442	20
443	18
444	10
445	0
446	27
447	10
448	21
449	13
450	10
451	10
452	8
453	4
454	20
455	0
456	10
457	15
458	32
459	10
460	9
461	9
462	8
463	4
464	7
465	19
466	2
467	5
468	10
469	11
470	5
471	1
472	16
473	4
474	32
475	20
476	17
477	36
478	9
479	1
480	23
481	9
482	0
483	13
484	30
485	9
486	2
487	1
488	13
489	0
490	18
491	18
492	4
493	31
494	24
495	2
496	8
497	36
498	20
499	10
500	10
501	13
502	16
503	4
504	30
505	25
506	7
507	0
508	18
509	10
510	11
511	12
512	4
513	13
514	7
515	9
516	21
517	20
518	0
519	25
520	30
521	2
522	4
523	23
524	0
525	14
526	31
527	7
528	15
529	23
530	16
531	27
532	36
533	16
534	4
535	12
536	0
537	12
538	15
539	5
540	4
541	1
542	16
543	1
544	4
545	2
546	5
547	18
548	0
549	14
550	31
551	34
552	11
553	14
554	27
555	9
556	8
557	23
558	13
559	12
560	22
561	8
562	23
563	22
564	10
565	20
566	2
567	0
568	21
569	14
570	16
571	29
572	30
573	20
574	27
575	20
576	11
577	0
578	4
579	23
580	31
581	1
582	20
583	30
584	2
585	4
586	4
587	4
588	4
589	9
590	23
591	25
592	12
593	1
594	2
595	0
596	29
597	18
598	22
599	4
600	12
601	1
602	33
603	11
604	14
605	23
606	10
607	29
608	10
609	31
610	1
611	1
612	1
613	20
614	1
615	0
616	4
617	1
618	1
619	14
620	13
621	1
622	31
623	18
624	10
625	27
626	8
627	11
628	5
629	11
630	5
631	16
632	20
633	0
634	0
635	23
636	34
637	10
638	0
639	5
640	10
641	30
642	0
643	21
644	0
645	4
646	23
647	2
648	15
649	17
650	8
651	7
652	23
653	33
654	0
655	10
656	0
657	31
658	34
659	15
660	21
661	4
662	18
663	1
664	4
665	33
666	31
667	24
668	1
669	7
670	24
671	29
672	13
673	23
674	16
675	4
676	3
677	18
678	24
679	23
680	5
681	30
682	4
683	4
684	4
685	3
686	20
687	4
688	11
689	3
690	0
691	20
692	8
693	31
694	10
695	1
696	9
697	23
698	22
699	1
700	18
701	0
702	11
703	14
704	0
705	25
706	18
707	8
708	0
709	4
710	5
711	23
712	2
713	16
714	15
715	4
716	18
717	11
718	4
719	18
720	4
721	10
722	6
723	20
724	32
725	0
726	7
727	8
728	0
729	13
730	25
731	0
732	17
733	0
734	10
735	2
736	1
737	0
738	4
739	33
740	0
741	23
742	7
743	16
744	26
745	0
746	21
747	0
748	0
749	1
750	10
751	1
752	4
753	1
754	2
755	21
756	22
757	17
758	5
759	10
760	7
761	30
762	11
763	27
764	7
765	35
766	1
767	10
768	9
769	16
770	1
771	0
772	30
773	18
774	25
775	4
776	24
777	4
778	0
779	1
780	10
781	34
782	1
783	0
784	23
785	3
786	0
787	1
788	11
789	1
790	4
791	0
792	20
793	15
794	5
795	15
796	11
797	2
798	18
799	4
800	18
801	1
802	8
803	29
804	9
805	8
806	9
807	9
808	20
809	16
810	17
811	20
812	10
813	13
814	4
815	29
816	20
817	4
818	18
819	4
820	1
821	35
822	0
823	1
824	16
825	1
826	0
827	1
828	16
829	23
830	26
831	7
832	0
833	24
834	20
835	8
836	2
837	4
838	26
839	15
840	5
841	23
842	13
843	16
844	0
845	36
846	23
847	27
848	15
849	21
850	4
851	1
852	2
853	31
854	4
855	15
856	10
857	0
858	4
859	32
860	15
861	10
862	31
863	24
864	10
865	30
866	10
867	1
868	20
869	14
870	7
871	6
872	22
873	0
874	22
875	0
876	0
877	30
878	31
879	0
880	22
881	20
882	20
883	20
884	23
885	4
886	27
887	16
888	30
889	31
890	20
891	7
892	2
893	0
894	7
895	0
896	1
897	18
898	17
899	34
900	0
901	22
902	4
903	10
904	10
905	16
906	34
907	12
908	20
909	30
910	0
911	1
912	23
913	13
914	0
915	7
916	0
917	32
918	24
919	8
920	19
921	33
922	4
923	20
924	3
925	11
926	30
927	17
928	7
929	18
930	4
931	20
932	0
933	10
934	10
935	0
936	23
937	0
938	0
939	10
940	23
941	16
942	16
943	30
944	30
945	7
946	9
947	1
948	17
949	8
950	0
951	4
952	21
953	10
954	20
955	0
956	1
957	17
958	2
959	1
960	18
961	32
962	11
963	14
964	24
965	17
966	10
967	13
968	9
969	25
970	4
971	17
972	10
973	28
974	4
975	1
976	2
977	12
978	5
979	17
980	20
981	31
982	5
983	15
984	7
985	15
986	0
987	0
988	4
989	2
990	14
991	0
992	18
993	20
994	4
995	8
996	29
997	32
998	17
999	29
1000	20
1001	0
1002	2
1003	22
1004	20
1005	14
1006	4
1007	10
1008	1
1009	4
1010	0
1011	20
1012	18
1013	2
1014	4
1015	27
1016	3
1017	20
1018	1
1019	0
1020	10
1021	0
1022	18
1023	8
1024	20
1025	14
1026	20
1027	18
1028	18
1029	26
1030	0
1031	20
1032	14
1033	18
1034	15
1035	18
1036	25
1037	4
1038	2
1039	34
1040	1
1041	30
1042	10
1043	15
1044	32
1045	35
1046	34
1047	11
1048	14
1049	16
1050	4
1051	31
1052	1
1053	4
1054	30
1055	13
1056	20
1057	17
1058	7
1059	4
1060	10
1061	1
1062	11
1063	23
1064	24
1065	8
1066	10
1067	32
1068	16
1069	22
1070	17
1071	2
1072	4
1073	34
1074	2
1075	20
1076	1
1077	15
1078	31
1079	27
1080	0
1081	4
1082	7
1083	2
1084	27
1085	7
1086	20
1087	4
1088	10
1089	17
1090	31
1091	10
1092	33
1093	7
1094	8
1095	6
1096	20
1097	5
1098	1
1099	31
1100	13
1101	4
1102	4
1103	0
1104	0
1105	25
1106	10
1107	18
1108	5
1109	4
1110	15
1111	20
1112	13
1113	20
1114	31
1115	18
1116	9
1117	9
1118	28
1119	23
1120	0
1121	29
1122	2
1123	0
1124	2
1125	21
1126	35
1127	9
1128	13
1129	1
1130	16
1131	8
1132	19
1133	9
1134	20
1135	0
1136	17
1137	5
1138	4
1139	32
1140	4
1141	20
1142	31
1143	23
1144	31
1145	1
1146	10
1147	0
1148	1
1149	24
1150	7
1151	32
1152	0
1153	3
1154	32
1155	11
1156	0
1157	0
1158	9
1159	0
1160	0
1161	13
1162	4
1163	17
1164	19
1165	23
1166	23
1167	9
1168	31
1169	7
1170	35
1171	8
1172	23
1173	20
1174	1
1175	23
1176	4
1177	32
1178	10
1179	1
1180	4
1181	9
1182	8
1183	10
1184	10
1185	27
1186	31
1187	10
1188	25
1189	4
1190	4
1191	20
1192	8
1193	4
1194	11
1195	24
1196	20
1197	30
1198	6
1199	16
1200	10
1201	4
1202	13
1203	0
1204	20
1205	0
1206	6
1207	20
1208	1
1209	31
1210	0
1211	15
1212	2
1213	22
1214	16
1215	26
1216	20
1217	3
1218	20
1219	20
1220	4
1221	35
1222	4
1223	20
1224	7
1225	23
1226	6
1227	3
1228	20
1229	10
1230	9
1231	20
1232	25
1233	22
1234	0
1235	20
1236	21
1237	0
1238	15
1239	8
1240	9
1241	17
1242	27
1243	0
1244	20
1245	4
1246	20
1247	0
1248	10
1249	0
1250	18
1251	0
1252	22
1253	24
1254	24
1255	10
1256	20
1257	10
1258	23
1259	21
1260	34
1261	5
1262	1
1263	30
1264	20
1265	1
1266	4
1267	0
1268	18
1269	1
1270	0
1271	10
1272	0
1273	0
1274	35
1275	10
1276	2
1277	9
1278	6
1279	22
1280	0
1281	4
1282	4
1283	22
1284	0
1285	4
1286	20
1287	10
1288	1
1289	29
1290	10
1291	0
1292	9
1293	4
1294	9
1295	0
1296	9
1297	6
1298	29
1299	2
1300	0
1301	23
1302	1
1303	20
1304	0
1305	33
1306	24
1307	13
1308	10
1309	4
1310	33
1311	2
1312	27
1313	23
1314	1
1315	30
1316	32
1317	9
1318	26
1319	20
1320	11
1321	30
1322	23
1323	9
1324	23
1325	32
1326	4
1327	0
1328	9
1329	23
1330	4
1331	19
1332	5
1333	18
1334	1
1335	20
1336	1
1337	15
1338	16
1339	20
1340	30
1341	23
1342	7
1343	1
1344	30
1345	15
1346	20
1347	3
1348	2
1349	4
1350	30
1351	6
1352	27
1353	13
1354	4
1355	18
1356	13
1357	29
1358	0
1359	11
1360	7
1361	0
1362	15
1363	24
1364	0
1365	30
1366	11
1367	4
1368	12
1369	5
1370	9
1371	0
1372	6
1373	4
1374	32
1375	0
1376	23
1377	17
1378	33
1379	6
1380	1
1381	23
1382	23
1383	5
1384	6
1385	30
1386	17
1387	23
1388	6
1389	11
1390	11
1391	7
1392	17
1393	1
1394	8
1395	26
1396	4
1397	10
1398	25
1399	23
1400	1
1401	0
1402	7
1403	2
1404	16
1405	7
1406	20
1407	24
1408	26
1409	10
1410	16
1411	3
1412	32
1413	23
1414	33
1415	30
1416	10
1417	5
1418	12
1419	31
1420	0
1421	1
1422	34
1423	13
1424	16
1425	8
1426	30
1427	16
1428	4
1429	30
1430	0
1431	11
1432	4
1433	1
1434	3
1435	24
1436	22
1437	4
1438	4
1439	26
1440	4
1441	25
1442	26
1443	11
1444	0
1445	22
1446	30
1447	4
1448	23
1449	20
1450	22
1451	31
1452	17
1453	30
1454	22
1455	20
1456	4
1457	0
1458	17
1459	1
1460	11
1461	0
1462	0
1463	20
1464	14
1465	1
1466	31
1467	11
1468	4
1469	18
1470	5
1471	29
1472	1
1473	20
1474	18
1475	25
1476	17
1477	17
1478	17
1479	34
1480	1
1481	14
1482	5
1483	8
1484	5
1485	16
1486	16
1487	0
1488	35
1489	6
1490	9
1491	35
1492	0
1493	7
1494	11
1495	34
1496	0
1497	11
1498	10
1499	22
1500	7
1501	26
1502	0
1503	31
1504	0
1505	20
1506	8
1507	10
1508	21
1509	20
1510	10
1511	1
1512	19
1513	0
1514	9
1515	27
1516	17
1517	31
1518	5
1519	5
1520	0
1521	0
1522	10
1523	0
1524	20
1525	20
1526	1
1527	1
1528	27
1529	13
1530	7
1531	12
1532	34
1533	23
1534	0
1535	30
1536	10
1537	14
1538	23
1539	15
1540	7
1541	7
1542	32
1543	29
1544	3
1545	5
1546	11
1547	2
1548	5
1549	7
1550	18
1551	18
1552	7
1553	14
1554	4
1555	0
1556	1
1557	11
1558	11
1559	1
1560	5
1561	4
1562	4
1563	0
1564	4
1565	29
1566	17
1567	4
1568	8
1569	7
1570	4
1571	0
1572	0
1573	30
1574	10
1575	17
1576	10
1577	9
1578	8
1579	5
1580	36
1581	17
1582	19
1583	1
1584	20
1585	2
1586	16
1587	25
1588	10
1589	13
1590	0
1591	30
1592	24
1593	7
1594	19
1595	2
1596	2
1597	22
1598	29
1599	10
1600	5
1601	20
1602	23
1603	34
1604	20
1605	9
1606	5
1607	32
1608	10
1609	10
1610	1
1611	10
1612	16
1613	10
1614	14
1615	8
1616	7
1617	10
1618	1
1619	18
1620	1
1621	32
1622	17
1623	0
1624	30
1625	19
1626	32
1627	31
1628	4
1629	31
1630	1
1631	20
1632	16
1633	0
1634	0
1635	10
1636	0
1637	4
1638	29
1639	12
1640	10
1641	3
1642	0
1643	10
1644	20
1645	28
1646	1
1647	9
1648	23
1649	20
1650	6
1651	1
1652	4
1653	4
1654	0
1655	7
1656	4
1657	4
1658	19
1659	31
1660	32
1661	23
1662	23
1663	16
1664	1
1665	5
1666	17
1667	4
1668	0
1669	24
1670	0
1671	20
1672	10
1673	27
1674	22
1675	5
1676	20
1677	1
1678	21
1679	4
1680	0
1681	17
1682	34
1683	4
1684	10
1685	1
1686	17
1687	18
1688	10
1689	34
1690	4
1691	10
1692	8
1693	11
1694	14
1695	17
1696	30
1697	14
1698	21
1699	30
1700	19
1701	1
1702	15
1703	20
1704	1
1705	10
1706	0
1707	29
1708	30
1709	23
1710	9
1711	2
1712	1
1713	8
1714	0
1715	1
1716	35
1717	0
1718	1
1719	1
1720	1
1721	1
1722	7
1723	13
1724	23
1725	1
1726	5
1727	24
1728	4
1729	1
1730	18
1731	0
1732	9
1733	7
1734	0
1735	29
1736	5
1737	32
1738	8
1739	12
1740	16
1741	19
1742	13
1743	27
1744	5
1745	21
1746	7
1747	20
1748	0
1749	8
1750	8
1751	21
1752	16
1753	4
1754	19
1755	11
1756	9
1757	31
1758	16
1759	13
1760	2
1761	11
1762	31
1763	26
1764	30
1765	14
1766	27
1767	20
1768	0
1769	24
1770	0
1771	27
1772	25
1773	11
1774	0
1775	14
1776	2
1777	4
1778	2
1779	4
1780	1
1781	1
1782	4
1783	16
1784	8
1785	15
1786	20
1787	9
1788	6
1789	13
1790	0
1791	1
1792	8
1793	0
1794	4
1795	15
1796	18
1797	0
1798	1
1799	2
1800	27
1801	30
1802	16
1803	32
1804	10
1805	4
1806	16
1807	11
1808	4
1809	10
1810	9
1811	35
1812	5
1813	27
1814	28
1815	9
1816	33
1817	23
1818	0
1819	0
1820	35
1821	24
1822	24
1823	1
1824	4
1825	14
1826	4
1827	1
1828	2
1829	4
1830	11
1831	15
1832	7
1833	31
1834	17
1835	23
1836	23
1837	9
1838	4
1839	11
1840	5
1841	3
1842	7
1843	23
1844	20
1845	0
1846	5
1847	25
1848	26
1849	0
1850	2
1851	4
1852	2
1853	9
1854	0
1855	4
1856	12
1857	19
1858	0
1859	7
1860	27
1861	24
1862	18
1863	0
1864	7
1865	24
1866	14
1867	4
1868	22
1869	23
1870	0
1871	4
1872	0
1873	30
1874	11
1875	0
1876	25
1877	8
1878	20
1879	31
1880	23
1881	20
1882	19
1883	9
1884	10
1885	7
1886	20
1887	2
1888	16
1889	31
1890	22
1891	1
1892	4
1893	4
1894	1
1895	33
1896	4
1897	17
1898	1
1899	23
1900	6
1901	0
1902	7
1903	9
1904	10
1905	0
1906	20
1907	1
1908	35
1909	3
1910	10
1911	10
1912	0
1913	27
1914	33
1915	0
1916	15
1917	5
1918	28
1919	9
1920	7
1921	20
1922	20
1923	20
1924	25
1925	11
1926	0
1927	34
1928	18
1929	4
1930	30
1931	14
1932	31
1933	23
1934	0
1935	30
1936	1
1937	23
1938	19
1939	26
1940	25
1941	1
1942	1
1943	32
1944	19
1945	0
1946	31
1947	0
1948	15
1949	2
1950	36
1951	11
1952	20
1953	5
1954	10
1955	27
1956	4
1957	28
1958	14
1959	22
1960	23
1961	4
1962	21
1963	9
1964	1
1965	14
1966	10
1967	8
1968	18
1969	16
1970	1
1971	20
1972	20
1973	24
1974	27
1975	0
1976	0
1977	1
1978	13
1979	0
1980	22
1981	10
1982	18
1983	1
1984	27
1985	20
1986	34
1987	23
1988	4
1989	35
1990	8
1991	32
1992	19
1993	17
1994	0
1995	31
1996	12
1997	2
1998	26
1999	4
2000	18
2001	10
2002	19
2003	1
2004	11
2005	5
2006	33
2007	30
2008	5
2009	23
2010	11
2011	0
2012	7
2013	4
2014	27
2015	8
2016	2
2017	3
2018	19
2019	23
2020	21
2021	26
2022	19
2023	9
2024	2
2025	1
2026	1
2027	2
2028	14
2029	10
2030	8
2031	1
2032	23
2033	9
2034	30
2035	10
2036	30
2037	20
2038	2
2039	2
2040	6
2041	1
2042	18
2043	22
2044	23
2045	25
2046	22
2047	5
2048	8
2049	26
2050	0
2051	4
2052	8
2053	0
2054	1
2055	4
2056	6
2057	0
2058	31
2059	10
2060	11
2061	18
2062	30
2063	11
2064	0
2065	4
2066	4
2067	5
2068	0
2069	31
2070	1
2071	4
2072	15
2073	6
2074	13
2075	27
2076	5
2077	8
2078	18
2079	4
2080	0
2081	1
2082	20
2083	1
2084	15
2085	8
2086	20
2087	27
2088	35
2089	22
2090	26
2091	9
2092	0
2093	0
2094	29
2095	31
2096	4
2097	21
2098	14
2099	23
2100	18
2101	20
2102	20
2103	30
2104	20
2105	9
2106	4
2107	6
2108	20
2109	20
2110	27
2111	7
2112	4
2113	17
2114	11
2115	4
2116	4
2117	5
2118	7
2119	6
2120	30
2121	15
2122	3
2123	30
2124	20
2125	1
2126	17
2127	0
2128	17
2129	17
2130	0
2131	25
2132	13
2133	0
2134	0
2135	2
2136	13
2137	4
2138	13
2139	13
2140	36
2141	15
2142	30
2143	25
2144	2
2145	24
2146	4
2147	18
2148	0
2149	23
2150	0
2151	14
2152	0
2153	5
2154	14
2155	25
2156	11
2157	4
2158	17
2159	10
2160	31
2161	4
2162	12
2163	31
2164	23
2165	4
2166	28
2167	31
2168	30
2169	7
2170	31
2171	20
2172	17
2173	4
2174	18
2175	35
2176	4
2177	8
2178	4
2179	23
2180	30
2181	31
2182	16
2183	0
2184	1
2185	0
2186	20
2187	19
2188	5
2189	18
2190	18
2191	31
2192	1
2193	17
2194	30
2195	1
2196	9
2197	10
2198	10
2199	0
2200	11
2201	13
2202	6
2203	24
2204	0
2205	24
2206	33
2207	7
2208	9
2209	4
2210	16
2211	4
2212	10
2213	16
2214	7
2215	23
2216	4
2217	18
2218	3
2219	8
2220	24
2221	4
2222	7
2223	4
2224	20
2225	23
2226	14
2227	26
2228	25
2229	13
2230	2
2231	34
2232	10
2233	4
2234	4
2235	31
2236	15
2237	24
2238	4
2239	16
2240	16
2241	13
2242	4
2243	1
2244	17
2245	0
2246	35
2247	1
2248	7
2249	4
2250	17
2251	11
2252	30
2253	0
2254	21
2255	35
2256	17
2257	4
2258	30
2259	4
2260	1
2261	1
2262	4
2263	21
2264	14
2265	5
2266	31
2267	32
2268	16
2269	0
2270	31
2271	18
2272	1
2273	13
2274	1
2275	14
2276	4
2277	11
2278	3
2279	8
2280	4
2281	18
2282	9
2283	11
2284	18
2285	5
2286	27
2287	20
2288	0
2289	23
2290	4
2291	20
2292	4
2293	1
2294	1
2295	9
2296	0
2297	0
2298	21
2299	10
2300	10
2301	23
2302	4
2303	2
2304	23
2305	35
2306	20
2307	23
2308	13
2309	20
2310	1
2311	21
2312	16
2313	0
2314	7
2315	9
2316	27
2317	20
2318	9
2319	20
2320	9
2321	23
2322	11
2323	10
2324	1
2325	10
2326	20
2327	7
2328	0
2329	2
2330	27
2331	27
2332	4
2333	25
2334	8
2335	0
2336	6
2337	8
2338	3
2339	4
2340	22
2341	10
2342	0
2343	10
2344	30
2345	30
2346	32
2347	4
2348	0
2349	11
2350	1
2351	2
2352	4
2353	20
2354	17
2355	1
2356	0
2357	0
2358	18
2359	0
2360	8
2361	0
2362	20
2363	18
2364	20
2365	1
2366	8
2367	0
2368	11
2369	0
2370	36
2371	5
2372	17
2373	10
2374	6
2375	23
2376	11
2377	14
2378	23
2379	14
2380	14
2381	16
2382	31
2383	1
2384	2
2385	23
2386	31
2387	27
2388	19
2389	9
2390	2
2391	18
2392	10
2393	16
2394	10
2395	1
2396	4
2397	16
2398	6
2399	6
2400	33
2401	11
2402	10
2403	10
2404	23
2405	1
2406	5
2407	18
2408	1
2409	1
2410	20
2411	20
2412	1
2413	0
2414	11
2415	29
2416	14
2417	0
2418	30
2419	7
2420	1
2421	4
2422	1
2423	20
2424	30
2425	6
2426	5
2427	27
2428	10
2429	0
2430	26
2431	19
2432	12
2433	16
2434	22
2435	32
2436	4
2437	20
2438	14
2439	11
2440	3
2441	32
2442	5
2443	11
2444	20
2445	32
2446	20
2447	17
2448	10
2449	36
2450	10
2451	1
2452	10
2453	2
2454	18
2455	20
2456	36
2457	9
2458	20
2459	0
2460	21
2461	30
2462	26
2463	4
2464	30
2465	1
2466	10
2467	1
2468	18
2469	20
2470	30
2471	1
2472	11
2473	3
2474	0
2475	4
2476	24
2477	15
2478	9
2479	13
2480	25
2481	32
2482	31
2483	14
2484	27
2485	5
2486	0
2487	18
2488	31
2489	0
2490	11
2491	18
2492	2
2493	1
2494	11
2495	4
2496	10
2497	4
2498	7
2499	20
2500	0
2501	10
2502	1
2503	4
2504	2
2505	20
2506	14
2507	24
2508	7
2509	0
2510	29
2511	27
2512	0
2513	0
2514	18
2515	22
2516	12
2517	27
2518	4
2519	5
2520	31
2521	8
2522	8
2523	9
2524	18
2525	35
2526	4
2527	11
2528	4
2529	0
2530	15
2531	17
2532	29
2533	32
2534	0
2535	21
2536	4
2537	1
2538	23
2539	0
2540	13
2541	10
2542	7
2543	20
2544	22
2545	3
2546	5
2547	10
2548	6
2549	20
2550	24
2551	13
2552	25
2553	20
2554	32
2555	14
2556	23
2557	23
2558	5
2559	10
2560	20
2561	0
2562	20
2563	25
2564	27
2565	20
2566	17
2567	30
2568	5
2569	2
2570	3
2571	10
2572	8
2573	30
2574	22
2575	11
2576	20
2577	30
2578	20
2579	0
2580	31
2581	10
2582	8
2583	10
2584	1
2585	31
2586	20
2587	22
2588	10
2589	26
2590	28
2591	17
2592	10
2593	8
2594	0
2595	20
2596	15
2597	9
2598	11
2599	8
2600	1
2601	7
2602	30
2603	27
2604	4
2605	3
2606	1
2607	9
2608	5
2609	3
2610	20
2611	0
2612	2
2613	13
2614	7
2615	6
2616	17
2617	5
2618	20
2619	4
2620	0
2621	0
2622	10
2623	0
2624	10
2625	0
2626	11
2627	0
2628	4
2629	11
2630	18
2631	10
2632	20
2633	10
2634	20
2635	6
2636	30
2637	8
2638	20
2639	15
2640	4
2641	9
2642	20
2643	1
2644	24
2645	16
2646	2
2647	7
2648	9
2649	20
2650	5
2651	0
2652	27
2653	23
2654	11
2655	4
2656	12
2657	4
2658	6
2659	20
2660	4
2661	17
2662	1
2663	0
2664	14
2665	23
2666	22
2667	30
2668	27
2669	1
2670	4
2671	20
2672	16
2673	24
2674	30
2675	23
2676	11
2677	4
2678	0
2679	11
2680	15
2681	22
2682	0
2683	31
2684	20
2685	34
2686	3
2687	9
2688	22
2689	11
2690	14
2691	22
2692	4
2693	25
2694	29
2695	4
2696	23
2697	14
2698	31
2699	0
2700	4
2701	20
2702	29
2703	19
2704	4
2705	13
2706	4
2707	22
2708	0
2709	21
2710	23
2711	18
2712	23
2713	7
2714	0
2715	10
2716	0
2717	4
2718	1
2719	26
2720	30
2721	4
2722	4
2723	30
2724	26
2725	36
2726	0
2727	4
2728	4
2729	7
2730	11
2731	0
2732	31
2733	20
2734	23
2735	5
2736	10
2737	20
2738	0
2739	1
2740	20
2741	34
2742	13
2743	1
2744	35
2745	4
2746	10
2747	1
2748	1
2749	20
2750	9
2751	21
2752	28
2753	4
2754	9
2755	4
2756	20
2757	15
2758	4
2759	0
2760	11
2761	23
2762	35
2763	22
2764	4
2765	2
2766	1
2767	20
2768	0
2769	0
2770	5
2771	10
2772	15
2773	7
2774	30
2775	0
2776	21
2777	16
2778	5
2779	11
2780	13
2781	4
2782	27
2783	18
2784	8
2785	1
2786	18
2787	31
2788	23
2789	0
2790	10
2791	19
2792	1
2793	9
2794	0
2795	13
2796	12
2797	4
2798	9
2799	9
2800	4
2801	18
2802	18
2803	10
2804	15
2805	10
2806	31
2807	8
2808	27
2809	27
2810	0
2811	14
2812	20
2813	9
2814	34
2815	11
2816	8
2817	11
2818	10
2819	13
2820	30
2821	1
2822	1
2823	22
2824	10
2825	7
2826	30
2827	16
2828	4
2829	23
2830	14
2831	12
2832	1
2833	27
2834	30
2835	10
2836	9
2837	1
2838	10
2839	23
2840	1
2841	31
2842	0
2843	18
2844	0
2845	22
2846	35
2847	25
2848	23
2849	10
2850	9
2851	0
2852	5
2853	4
2854	1
2855	0
2856	5
2857	13
2858	18
2859	2
2860	10
2861	4
2862	11
2863	1
2864	0
2865	0
2866	0
2867	0
2868	23
2869	0
2870	4
2871	10
2872	4
2873	1
2874	3
2875	20
2876	24
2877	31
2878	15
2879	1
2880	23
2881	18
2882	14
2883	10
2884	8
2885	34
2886	14
2887	22
2888	4
2889	9
2890	0
2891	16
2892	0
2893	0
2894	30
2895	30
2896	0
2897	30
2898	23
2899	7
2900	0
2901	15
2902	4
2903	26
2904	8
2905	5
2906	5
2907	6
2908	14
2909	16
2910	5
2911	2
2912	1
2913	21
2914	35
2915	30
2916	1
2917	4
2918	0
2919	11
2920	22
2921	20
2922	7
2923	10
2924	4
2925	0
2926	30
2927	10
2928	23
2929	4
2930	24
2931	11
2932	4
2933	31
2934	5
2935	4
2936	9
2937	19
2938	30
2939	4
2940	7
2941	11
2942	11
2943	18
2944	0
2945	34
2946	19
2947	26
2948	4
2949	30
2950	23
2951	0
2952	0
2953	7
2954	1
2955	1
2956	0
2957	1
2958	25
2959	4
2960	27
2961	17
2962	16
2963	10
2964	11
2965	27
2966	0
2967	24
2968	1
2969	10
2970	22
2971	11
2972	4
2973	20
2974	10
2975	0
2976	15
2977	11
2978	4
2979	0
2980	3
2981	20
2982	18
2983	0
2984	0
2985	18
2986	31
2987	0
2988	1
2989	26
2990	9
2991	19
2992	20
2993	30
2994	30
2995	21
2996	10
2997	7
2998	7
2999	5
3000	24
3001	2
3002	20
3003	6
3004	4
3005	3
3006	20
3007	0
3008	23
3009	4
3010	3
3011	13
3012	20
3013	20
3014	14
3015	29
3016	27
3017	2
3018	10
3019	1
3020	20
3021	9
3022	7
3023	0
3024	31
3025	10
3026	5
3027	36
3028	4
3029	10
3030	4
3031	4
3032	1
3033	29
3034	23
3035	5
3036	30
3037	16
3038	20
3039	24
3040	1
3041	14
3042	10
3043	10
3044	1
3045	11
3046	7
3047	1
3048	10
3049	4
3050	18
3051	11
3052	1
3053	6
3054	0
3055	10
3056	1
3057	15
3058	27
3059	12
3060	10
3061	20
3062	1
3063	8
3064	0
3065	36
3066	13
3067	17
3068	8
3069	13
3070	16
3071	30
3072	27
3073	22
3074	1
3075	10
3076	4
3077	6
3078	1
3079	18
3080	15
3081	7
3082	8
3083	23
3084	32
3085	30
3086	20
3087	1
3088	10
3089	30
3090	30
3091	21
3092	21
3093	4
3094	16
3095	0
3096	2
3097	9
3098	27
3099	11
3100	11
3101	9
3102	8
3103	0
3104	10
3105	4
3106	0
3107	30
3108	10
3109	22
3110	13
3111	7
3112	31
3113	5
3114	6
3115	10
3116	0
3117	1
3118	20
3119	18
3120	23
3121	1
3122	21
3123	21
3124	31
3125	0
3126	21
3127	15
3128	29
3129	19
3130	23
3131	9
3132	12
3133	1
3134	0
3135	36
3136	23
3137	1
3138	0
3139	36
3140	11
3141	10
3142	0
3143	20
3144	18
3145	23
3146	1
3147	1
3148	7
3149	9
3150	4
3151	19
3152	8
3153	5
3154	20
3155	8
3156	3
3157	7
3158	13
3159	10
3160	13
3161	18
3162	35
3163	0
3164	0
3165	6
3166	0
3167	30
3168	0
3169	30
3170	23
3171	3
3172	4
3173	15
3174	10
3175	25
3176	4
3177	10
3178	36
3179	30
3180	20
3181	1
3182	20
3183	0
3184	4
3185	1
3186	9
3187	0
3188	20
3189	9
3190	0
3191	12
3192	31
3193	17
3194	4
3195	26
3196	31
3197	29
3198	0
3199	10
3200	18
3201	23
3202	24
3203	4
3204	20
3205	9
3206	4
3207	7
3208	10
3209	0
3210	6
3211	10
3212	6
3213	0
3214	22
3215	1
3216	7
3217	1
3218	2
3219	23
3220	0
3221	25
3222	12
3223	11
3224	20
3225	9
3226	2
3227	20
3228	18
3229	20
3230	14
3231	26
3232	4
3233	10
3234	20
3235	22
3236	25
3237	10
3238	31
3239	20
3240	17
3241	13
3242	18
3243	4
3244	11
3245	8
3246	4
3247	20
3248	1
3249	34
3250	10
3251	4
3252	27
3253	13
3254	26
3255	35
3256	5
3257	15
3258	26
3259	20
3260	1
3261	4
3262	6
3263	31
3264	10
3265	32
3266	9
3267	8
3268	1
3269	29
3270	22
3271	4
3272	10
3273	10
3274	5
3275	9
3276	10
3277	1
3278	5
3279	31
3280	0
3281	6
3282	24
3283	21
3284	22
3285	8
3286	2
3287	0
3288	10
3289	14
3290	10
3291	11
3292	17
3293	34
3294	4
3295	17
3296	31
3297	1
3298	4
3299	4
3300	10
3301	7
3302	13
3303	10
3304	34
3305	27
3306	0
3307	24
3308	1
3309	1
3310	7
3311	23
3312	0
3313	1
3314	18
3315	7
3316	14
3317	30
3318	31
3319	0
3320	0
3321	15
3322	27
3323	4
3324	4
3325	15
3326	23
3327	1
3328	29
3329	8
3330	20
3331	29
3332	7
3333	22
3334	15
3335	18
3336	10
3337	11
3338	20
3339	9
3340	6
3341	12
3342	20
3343	10
3344	18
3345	23
3346	9
3347	23
3348	4
3349	23
3350	19
3351	4
3352	1
3353	7
3354	0
3355	14
3356	4
3357	4
3358	32
3359	17
3360	10
3361	20
3362	2
3363	23
3364	13
3365	29
3366	29
3367	13
3368	1
3369	0
3370	0
3371	32
3372	11
3373	11
3374	15
3375	22
3376	24
3377	0
3378	5
3379	7
3380	18
3381	34
3382	0
3383	1
3384	6
3385	31
3386	22
3387	23
3388	8
3389	20
3390	22
3391	9
3392	1
3393	0
3394	18
3395	9
3396	9
3397	30
3398	16
3399	2
3400	8
3401	18
3402	13
3403	5
3404	4
